Ac(ד)|385|188|0|0|0
Ac(ך)|0|63|0|0|0
Ac2O3(ך)|-2047|134|0|0|0
Ag(ד)|285|173|0|0|0
Ag(ך) |0|42,55|23,97|5,27|-0,25
Ag3AsO4(ך)|-634|276|0|0|0
AgBr(ך) |-100,42|107,11|33,18|64,43|0
AgBrO3(ך)|-8|152|0|0|0
AgCN(ך)|146|107|0|0|0
AgCl(ך)|-126,78|96,23|62,26|4,18|-11,3
AgClO3(ך)|-22|150|0|0|0
AgClO4(ך)|-32|162|0|0|0
AgCO3(ך)|-506|167|0|0|0
Ag2CrO4(ך)|-725|218|0|0|0
AgI(ד)|159|264|0|0|0
AgI(ך) |-61,92|115,48|24,35|100,83|0
AgIO3(ך)|-169|149|0|0|0
AgF(ד)|7|236|0|0|0
AgF(ך)|-206|84|0|0|0
AgN3(ך)|309|99|0|0|0
AgNO2(ך)|-45|128|0|0|0
AgNO3(ך) |-124,52|140,92|36,65|189,12|0
Ag2O(ך) |-30,54|121,75|55,48|29,46|0
Ag3PO4(ך)|-990|258|0|0|0
Ag2S(ך) |-31,8|143,51|64,6|39,96|0
Ag2SO4(ך)|-715,88|200|96,65|116,73|0
Ag2Se(ך)|-44|151|0|0|0
Ag2Te(ך)|-36|155|0|0|0
Al(ד)|330|164|0|0|0
Al(ך)|0|28,33|20,67|12,38|0
AlBr3(ך)|-513,38|180,25|49,95|169,58|0
Al4C3(ך)|-208|89|0|0|0
AlCl3*6H2O(ך)|-2693|318|0|0|0
AlCl3(ך)|-704,17|109,29|77,12|47,83|0
AlCl3(ד)|-583|322|0|0|0
Al2Cl6(ד)|-1293|444|0|0|0
AlF3(ך)|-1510,42|66,48|72,26|45,86|-9,62
Al2O3(ך)|-1675,69|50,92|114,55|12,89|-34,31
Al2(SO4)3(ך)|-3441,8|239,2|366,31|62,59|-112,47
AlH3(ך)|-12|30|0|0|0
AlI3(ד)|-208|376|0|0|0
AlI3(ך)|-308|190|0|0|0
AlN(ד)|440|227|0|0|0
AlN(ך)|-318|20|0|0|0
Al2O3(ך)|-1675|51|0|0|0
Al(OH)3(ך)|-1295|70|0|0|0
AlPO4(ך)|-1734|91|0|0|0
Al2S3(ך)|-509|96|0|0|0
Al2(SO4)3(ך)|-3441|239|0|0|0
Am(ד)|284|195|0|0|0
Am(ך)|0|72|0|0|0
AmO2(ך)|-1081|84|0|0|0
Am2O3(ך)|-1761|159|0|0|0
As(ד)|288|174|0|0|0
As(ך)|0|35,61|23,28|5,74|0
As2(ד)|194|242|0|0|0
As4(ד)|143|330|0|0|0
AsBr3(ד)|-130|364|0|0|0
AsBr3(ך)|-193|159|0|0|0
AsCl3(ז)|-305,01|216,31|0|0|0
AsCl3(ד)|-270,34|328,82|82,09|1|-5,94
AsF3(ד)|-921|289|0|0|0
AsF3(ז)|-957|181|0|0|0
AsF5(ד)|-1238|353|0|0|0
AsH3(ד)|66|223|0|0|0
AsI3(ך)|-80|164|0|0|0
As2O3(ך)ךףב|-666|117|0|0|0
As2O3(ך)למםמךכ|-664|127|0|0|0
As2O3(ך)ךכאףהועטע|-653,37|122,72|59,83|175,73|0
As2O3(ך)אנסוםמכטע|-656,89|108,32|35,02|203,34|0
As2O5(ך) |-921,32|105,44|0|0|0
As2O5(ך)אלמנפ|-925|105|0|0|0
As4O6(ד)|-1209|381|0|0|0
As2S3(ך)|-96|164|0|0|0
Ar(ד)|0|155|0|0|0
Au(ד)|368|180|0|0|0
Au(ך) |0|47,4|23,68|5,19|0
AuBr(ך)|-14|98|0|0|0
AuBr3(ך)|-54|155|0|0|0
AuCl(ך)|-35|108|0|0|0
AuCl3(ך)|-118|152|0|0|0
AuF3(ך)|-368|113|0|0|0
AuI(ך)|1|111|0|0|0
Au2O3(ך)|-3|134|0|0|0
B(ך)אלמנפ|4|7|0|0|0
B(ד)|562|152|0|0|0
B(ך)|0|5,86|16,78|9,04|-7,49
B2(ד)|846|202|0|0|0
BBr3(ד)|-205|324|0|0|0
BBr3(ז)|-239|230|0|0|0
BCl3(ד)|-402,96|290,08|70,54|11,97|-10,21
BCl3(ז)|-427|206|0|0|0
BrCl3(ד)|-491|357|0|0|0
BF3(ד)|-1136,58|254,01|52,05|28,03|-8,87
BH3(ד)|92|188|0|0|0
B2H6(ד)|35|232|0|0|0
B5H9(ד)|75|276|0|0|0
B5H9(ז)|44|184|0|0|0
B10H14(ך)|-39|176|0|0|0
B3H6N3(ד)|-510|289|0|0|0
B3H6N3(ז)|-541|193|0|0|0
BI3(ד)|71|349|0|0|0
BI3(ך)|-37|200|0|0|0
BN(ד)|648|212|0|0|0
BN(ך)|-254|15|0|0|0
B2O3(ך)אלמנפ|-1254|78|0|0|0
B2O3(ד)|-844|280|0|0|0
B2O3(ך)|-1270,43|53,84|36,53|106,32|-5,48
B(OH)3(ד)|-1013|303|0|0|0
B(OH)3(ך)|-1094|89|0|0|0
BP(ך)|-101|27|0|0|0
B2S3(ד)|67|327|0|0|0
B2S3(ך)|-239|106|0|0|0
Ba(ד)|177|170|0|0|0
Ba(ך)|0|60,67|22,26|13,81|0
BaBr2(ד)|-417|348|0|0|0
BaBr2(ך)|-751|149|0|0|0
BaBr2*2H2O(ך)|-1356|230|0|0|0
Ba(BrO3)2*H2O(ך)|-1003|288|0|0|0
BaCO3(ך)|-1210,85|112,13|86,9|48,95|-11,97
BaCl2(ך)|-859,39|123,64|71,13|13,97|0
BaCl2*2H2O(ך)|-1446|203|0|0|0
Ba(ClO3)2(ך)|-755|234|0|0|0
Ba(ClO4)2(ך)|-789|255|0|0|0
BaCrO4(ך)|-1426|156|0|0|0
BaF2(ד)|-805|299|0|0|0
BaF2(ך)|-1192|96|0|0|0
BaH2(ך)|-190|63|0|0|0
BaI2(ד)|-323|362|0|0|0
BaI2(ך)|-610|167|0|0|0
BaI2*2H2O(ך)|-1222|247|0|0|0
Ba(NO3)2(ך) |-992,07|213,8|125,73|149,37|-16,78
BaO(ד)|-131|235|0|0|0
BaO(ך)|-553,54|70,29|53,3|4,35|-8,28
BaO2(ך)|-644|78|0|0|0
Ba(OH)2(ך)|-943,49|100,83|70,71|91,63|0
Ba3(PO4)2(ך)|-3960|356|0|0|0
BaS(ד)|64|249|0|0|0
BaS(ך)|-442|78|0|0|0
BaSO3(ך)|-1030|121|0|0|0
BaSO4(ך)|-1458,88|132,21|141,42|0|-35.27
BaSe(ך)|-364|91|0|0|0
BaTe(ך)|-314|57|0|0|0
Be(ד)|327|136|0|0|0
Be(ך)|0|9,54|19,16|8,87|-4,77
BeBr2(ד)|-240|273|0|0|0
BeBr2(ך)|-368|121|0|0|0
Be2C(ך)|-91|16|0|0|0
BeCl(ד)|-360|252|0|0|0
BeCl2(ך)|-491|83|0|0|0
BeCl2*4H2O(ך)|-1848|243|0|0|0
BeF2(ך)אלמנפ|-1022|-|0|0|0
BeF2(ד)|-784|229|0|0|0
BeF2(ך)|-1035|53|0|0|0
BeH2(ך)אלמנפ|-19|25|0|0|0
BeH2(ד)|126|173|0|0|0
BeI2(ד)|-85|289|0|0|0
BeI2(ך)|-212|130|0|0|0
Be3N2(ך)|-589|50|0|0|0
Be(NO3)2*4H2O(ך)|-1936|-|0|0|0
BeO(ד)|129|198|0|0|0
BeO(ך)|-598,73|14,14|35,35|16,74|-13,26
Be(OH)2(ך)|-905|53|0|0|0
BeS(ך)|-235|34|0|0|0
BeSO4(ך) |-1200,81|77,97|71,78|99,69|-13,78
BeSO4*4H2O(ך)|-2425|233|0|0|0
BeSeO4(ך)|-947|-|0|0|0
BeSeO4*4H2O(ך)|-2170|247|0|0|0
Be2SiO4(ך)|-2145|64|0|0|0
Bi(ד)|209|187|0|0|0
Bi(ך)|0|56,9|18,79|22,59|0
BiBr3(ד)|-102|385|0|0|0
BiBr3(ך)|-259|-|0|0|0
BiCl3(ד)|-264|356|0|0|0
BiCl3(ך)|-378|172|0|0|0
BiClO(ך)|-369|103|0|0|0
BiF3(ך)|-904|-|0|0|0
BiI3(ך)|-174|234|0|0|0
Bi(NO3)3*5H2O(ך)|-2005|-|0|0|0
Bi2O3(ך)|-570,7|151,46|103,51|33,47|0
Bi(OH)3(ך)אלמנפ|-715|118|0|0|0
Bi2S3(ך)|-156|200|0|0|0
Bi2(SO4)3(ך)|-2554|-|0|0|0
Bi2Se3(ך)|-140|217|0|0|0
Bi2Te3(ך)|-79|251|0|0|0
Br(ד) |111,88|174,9|19,98|1,34|0,36
Br-(ד) |-218,87|163,39|20,79|-|-
Br2(ד) |30,91|245,37|37,32|0,5|-1,26
Br2(ז)|0|152,21|75,69|-|-
C(ך)אכלאח|1,83|2,37|9,12|13,22|-6,19
C(ך)דנאפטע|0|5,74|16,86|4,77|-8,54
C(ד)|716,67|157,99|20,8|-|-
C2(ד) |830,86|199,31|30,67|3,97|10,19
CBr4(ד)|83|358|0|0|0
CCl4(ד)|-103|310|0|0|0
CCl4(ז)|-135|216|0|0|0
CCl2O(ד)|-221|284|0|0|0
CCl2O(ז)|-244|197|0|0|0
CF4(ד)|-933|262|0|0|0
CI4(ד)|307|392|0|0|0
C2N2(ד)|309|244|0|0|0
(CN)Br(ד)|186|248|0|0|0
(CN)Cl(ד)|138|236|0|0|0
(CN)F(ד)|-12|226|0|0|0
C(NH2)2O(ך)|-333|105|0|0|0
(CN)I(ד)|225|257|0|0|0
CO(ד)|-110,53|197,55|28,41|4,1|-0,46
CO2(ד)|-393,51|213,66|44,14|9,04|-8,54
COCl2(ד)|-219,5|283,64|67,15|12,03|-9,04
COF2(ד)|-635|258|0|0|0
COS(ד)|-141,7|231,53|48,12|8,45|-8,2
CS(ד)|230|210|0|0|0
CS2(ז)|88,7|151,04|0|0|0
CS2(ד)|116,7|237,77|52,09|6,69|-7,5.3
Ca(ד)|178|155|0|0|0
Ca(ך)|0|41,63|22,22|13,93|0
Ca(BO2)2(ך)|-2031|105|0|0|0
CaBr2(ד)|-391|310|0|0|0
CaBr2(ך)|-674|134|0|0|0
CaBr2*6H2O(ך)|-2503|305|0|0|0
CaC2(ך)|-59,83|69,96|68,62|11,88|-8,66
CaCO3(ך)ךאכצטע|-1206,83|91,71|104,52|21,92|-25,94
CaC2O4(ך)|-1352|-|0|0|0
CaC2O4*H2O(ך)|-1670|156|0|0|0
CaCl2(ד)|-467|286|0|0|0
CaCl2(ך)|-795,92|108,37|71,88|12,72|-2,51
CaCl2*2H2O(ך)|-1389|-|0|0|0
CaCl2*6H2O(ך)|-2625|285|0|0|0
Ca(ClO4)2(ך)|-725|-|0|0|0
CaCrO4(ך)|-1379|134|0|0|0
CaF2(ד)|-779|274|0|0|0
CaF2(ך)|-1220,89|68,45|59,83|30,46|1,97
CaH2(ך)|-175|42|0|0|0
Ca(HCO3)2(ך)|-2344|155|0|0|0
CaHPO4(ך)|-1808,56|111,38|138,41|55,1|-40,38
CaHPO4*2H2O(ך)|-2397,46|189,45|0 |0 |0 
Ca(H2PO4)2(ך)|-3114,57|189,54|0 |0 |0 
Ca(H2PO4)2*H2O(ך) |-3408,29|259,83|0 |0 |0 
CaI2(ד)|-232|326|0|0|0
CaI2(ך)|-538|145|0|0|0
Ca(IO3)2(ך)|-1008|230|0|0|0
CaMoO4(ך)|-1546|123|0|0|0
Ca3N2(ך)|-432|105|0|0|0
Ca(NO3)2(ך)|-938,76|193,3|122,88|153,97|-17,28
Ca(NO3)2*4H2O(ך)|-2131|339|0|0|0
CaO(ד)|-60|220|0|0|0
CaO(ך)|-635,09|38,07|49,62|4,52|-6,95
CaO2(ך)|-659|43|0|0|0
Ca(OH)2(ך)|-985,12|83,39|105,19|12,01|-19
Ca3P2(ך)|-494|-|0|0|0
Ca2P2O7(ך)|-3333|189|0|0|0
Ca3(PO4)2(ך)|-4120,82|235,98|201,84|166,02|-20,92
CaS(ך)|-476,98|56,61|42,68|15,9|0 
CaSO3*2H2O(ך)|-1753|184|0|0|0
CaSO4(ך)|-1436,28|106,69|70,21|98,74|0 
CaSO4*2H2O(ך)|-2023|194|0|0|0
2CaSO4*H2O(ך)|-3203|261|0|0|0
CaSiO3(ך)|-1635|82|0|0|0
CaWO4(ך)|-1641|126|0|0|0
Cd(ד)|112|168|0|0|0
Cd(ך)|0|51,76|22,22|12,3|0
Cd3As2(ך)|-42|207|0|0|0
CdBr2(ד)|-140|310|0|0|0
CdBr2(ך)|-316|139|0|0|0
CdCO3(ך)|-754|97|0|0|0
CdCl2(ד)|-195|286|0|0|0
CdCl2(ך)|-390,79|115,27|61,25|40,17|0 
CdF2(ד)|-395|265|0|0|0
CdF2(ך)|-700|89|0|0|0
CdI2(ד)|-60|326|0|0|0
CdI2(ך)|-206|161|0|0|0
Cd(NO3)2(ך)|-453|-|0|0|0
Cd(NO3)2*4H2O(ך)|-2070|393|0|0|0
CdO(ד)(ך)|81|233|0|0|0
CdO(ך)|-258,99|54,81|48,24|6,38|-4,9
Cd(OH)2(ך)|-563|88|0|0|0
CdS(ך)|-156,9|71,13|53,97|3,77|0 
CdSO4(ך)|-934,41|123,05|77,32|77,4|0 
3CdSO4*8H2O(ך)|-5188|689|0|0|0
CdSe(ך)|-136|97|0|0|0
CdTe(ך)|-108|92|0|0|0
Cl(ד)|121,34|165,08|23,14|-0,67|-0,96
Cl-(ד)|-233,63|153,25|20,79|0|0
Cl2(ד)|0|222,98|37,03|0,67|-2,85
ClO2(ד) |104,6|257,02|48,28|7,53|-7,74
Cl2O(ד) |75,73|266,23|53,18|3,35|-7,78
Co(ך) |0|30,04|19,83|16,75|0
CoCl2(ך)|-312,54|109,29|60,29|61,09|0 
CoSO4(ך)|-867,76|113,39|0 |0 |0 
Cr(ך)|0|23.64|24,43|9,87|-3,68
CrCl3(ך)|-556,47|123,01|79,5|41,21|0 
CrO3(ך)|-590,36|73,22|82,55|21,67|-17,49
Cr2O3(ך)|-1140,56|81,17|119,37|9,2|-15,65
Cs(ך)|0|84,35|31,38|0|0
CsCl(ך)|-442,83|101,18|49,79|9,54|0 
CsI(ך)|-336,81|125,52|48,53|11,21|0 
CsOH(ך)|-406,68|77,82|0 |0 |0 
Cu(ך)|0|33,14|22,64|6,28|0
CuCl(ך)|-137,24|87,02|38,27|34,38|0 
CuCl2(ך)|-205,85|108,07|67,44|17,56|0 
CuO(ך)|-162|42,63|43,83|16,77|-5,88
CuS(ך)|-53,14|66,53|44,35|11,05|0 
CuSO4(ך)|-770,9|109,2|78,53|71,96|0 
Cu2O(ך)|-173,18|92,93|56,57|29,29|0 
Cu2S(ך)|-79,5|120,92|39,25|130,54|0 
D(ד)|221,67|123,24|20,79|0|0
D2O(ז) |-294,6|75,9|0 |0 |0 
D2O(ד) |-249,2|198,23|0|0|0
F(ד)|79,38|158,64|23,7|-3,21|0
F(ד)|79,38|158,64|21,08|-0,1|2,67
F-(ד)|-259,68|145,47|20,79|0|0
F2(ד)|0|202,67|34,56|2,51|-3,51
Fe(ך)|0|27,15|17,24|24,77|0
Fe(ך)|0|27,15|-159,8|181|332,36
FeCO3(ך)|-738,15|95,4|48,66|112,13|0 
FeO(ך)|-264,85|60,75|50,8|8,61|-3,31
FeS(ך)|-100,42|60,29|0,502|167,36|0 
FeSO4(ך)|-927,59|107,53|0 |0 |0 
FeS2(ך)|-177,4|52,93|74,81|5,52|-12,76
Fe2O3(ך)|-822,16|87,45|97,74|72,13|-12,89
Fe3O4(ך)|-1117,13|146,19|86,27|208,92|0 
Ga(ך)|0|41,09|26,07|0|0
Ga2O3(ך)|-1089,1|84,98|112,88|15,44|-21
Ge(ך)|0|31,09|25,02|3,43|-2,34
GeO2(ך)דוךסאד |-554,71|55,27|68,91|9,83|-17,7
GeO2(ך)עוענאד |-580,15|39,71|66,61|11,59|-17,74
H(ד) |217,98|114,6|20,79|0|0
H+(ד)|1536,21|108,84|20,79|0|0
H-(ד)|139,03|108,85|20,79|0|0
H2(ד)|0|130,52|27,28|3,26|0,5
HBr(ד) |-36,38|198,58|26,15|5,86|1,09
HCN(ד) |132|201,71|39,37|11,3|-6,02
HCl(ד) |-92,31 |186,79|26,53|4,6|1,09
HF(ד) |-273,3|173,67|26,9|3,43|1,09
HI(ד) |26,36|206,48|26,32|5,94|0,92
HNO3(ז) |-173|156,16|0 |0 |0 
HNO3(ד) |-133,91|266,78|0 |0 |0 
H2O(ז) |-285,83|69,95|39,02|76,64|11,96
H2O(ד) |-241,81|188,72|30|10,71|0,33
H2O2(ז) |-187,86|109,6|53,6|117,15|0 
H2O2(ד) |-135,88|234,41|52,3|11,88|-11,88
H2S(ד) |-20,6|205,7|29,37|15,4|0 
H2SO4(ז) |-813,99|156,9|156,9|28,3|-23,46
H3PO4(ז) |-1279,05|110,5|49,83|189,24|0 
H3PO4(ז) |-1266,9|200,83|0 |0 |0 
Hg(ז)|0|75,9|26,94|0|0,79
Hg(ד)|61,3|174,85|20,79|0|0
HgBr2(ך)|-169,45|170,31|66,58|29,29|0 
HgCl2(ך)|-228,24|140,02|69,99|20,28|-1,89
HgI2(ך)|-105,44|184,05|72,84|16,74|0 
HgO(ך)ךנאסם |-90.88 |70,29|36,04|29,64|0 
HgS(ך)ךנאסם|-58,99|82,42|43,84|15,27|0 
Hg2Br2(ך) |-207,07|217,7|0 |0 |0 
Hg2Cl2(ך)|-265,06|192,76|92,47|30,96|0 
Hg2SO4(ך)ךנאסם|-744,65|200,71|0 |0 |0 
I(ד)|106,76|180,67|20,07|0,68|0,46
I-(ד)|-195,02|169.15|20,79|0|0
I2(ך) |0|116,14|40,12|49,79|0
I2(ד)|62,43|260,6|37,4|0,59|-0,71
In(ך)|0|57,82|20,25|21,59|0
In2O3(ך)|-925,92|107,95|0 |0 |0 
In2(SO4)3(ך)|-2725,5|302,08|200,2|251,04|0 
K(ך)|0|64,18|5,61|81,17|0
KAl(SO4)2(ך)|-2465|204,5|234,1|82,34|-58,41
K[BF4](ך)|-1886|157|0|0|0
K[BH4](ך)|-227|107|0|0|0
KBr(ך)|-393,8|95,94|48,37|13,89|0 
KCl(ך)|-436,68|82,55|41,38|21,76|3,22
KClO3(ך)|-391,2|142,97|0 |0 |0 
KClO4(ך)|-430,12|151,04|0 |0 |0 
KI(ך)|-327,9|106,4|38,84|28,92|4,93
KMnO4(ך)|-828,89|171,54|0 |0 |0 
KNO3(ך)|-492,46|132,88|60,88|118,83|0 
KOH(ך)|-424,72|79,28|42,66|76.96 |0 
K2CO3(ך)|-1150,18|155,52|80,29|109,04|0 
K2CrO4(ך)|-1385,74|200|123,72|74,89|0 
K2Cr2O7(ך)|-2067,27|291,21|153,38|229,29|0 
K2SO4(ך)|-1433,69|175,56|120,37|99,58|-17,82
La(ך)|0|56,9|25,8|6,7|0
LaCl3(ך)|-1070,68|144,35|97,19|21,46|0 
Li(ך)|0|28,24|6,86|46,44|3,51
Li[BH4](ך)|-191|76|0|0|0
LiCl(ך)|-408,27|59,3|41,42|23,4|0 
LiNO3(ך)|-482,33|71,13|38,37|150,62|0 
LiOH(ך)|-484,67|42,78|50,17|34,48|9,5
Li2CO3(ך)|-1216|90,16|42,53|177,34|0 
Li2SO4(ך)|-1435,86|114|118,95|93,31|-27,2
Mg(ך)|0|32,68|22,3|10,63|-0,42
MgCO3(ך)|-1095,85|65,1|77,91|57,74|-17,41
MgCl2(ך)|-644,8|89,54|79,08|5,94|-8,62
MgO(ך)|-601,49|27,07|48,98|3,14|-11,44
Mg(OH)2(ך)|-924,66|63,18|46,99|102,85|0 
MgSO4(ך)|-1287,42|91,55|106,44|46,28|-21,9
MgSO4*6H2O(ך)|-3089,5|348,1|0 |0 |0 
Mn(ך)|0|32,01|23,85|14,14|-1,59
MnCO3(ך)|-881,66|109,54|92,01|38,91|-19,62
MnCl2(ך)|-481,16|118,24|75,48|13,22|-5,73
MnO(ך)|-385,1|61,5|46,48|8,12|-3,68
MnO2(ך)|-521,49|53,14|69,45|10,21|-16,23
MnS(ך)|-214,35|80,75|47,7|7,53|0 
Mn2O3(ך)|-957,72|110,46|0 |0 |0 
Mn3O4(ך)|-1387,6|154,81|144,93|45,27|-9,2
Mo(ך)|0|28,62|21,67|6,95|0
N2(ד)|0|191,5|27,88|4,27|0
NH3(ז) |-69,87|0 |0 |0 |0 
NH3(ד) |-45,94|192,66|29,8|25,48|-1,67
NH4Al(SO4)2(ך) |-2353,5|216,31|0 |0 |0 
NH4Al(SO4)2*12H2O(ך)|-5944|697|0|0|0
NH4Cl(ך)|-314,22|95,81|0 |0 |0 
NH4NO3(ך)|-365,43|151,04|0 |0 |0 
(NH4)2SO4(ך)|-1180,31|220,08|103,6|280,8|0 
NO(ד)|91,26|210,64|29,58|3,85|-0,59
NOCl(ד) |52,59|263,5|44,89|7,7|-6,95
NO2(ד) |34,19|240,06|41,16|11,33|-7,02
N2O(ד) |82,01|219,83|45,69|8,62|-8,53
N2O4(ד) |11,11|304,35|83,89|39,75|-14,9
N2O5(ד) |13,3|355,65|127,45|16,54|-32,85
Na(ך)|0|51,21|16,82|37,82|0
NaA1O2(ך)|-1133,03|70,29|87,95|17,7|-17,74
Na[BF4](ך)|-1845|120|0|0|0
NaBr(ך)|-361,41|86,82|47,92|13,31|0 
NaCl(ך)|-411,12|72,13|45,94|16,32|0 
NaF(ך)|-573,63|51,3|43,51|16,23|-1,38
NaHCO3(ך)|-947,3|102,1|44,89|143,89|0 
NaI(ך)|-287,86|98,32|48,88|12,05|0 
NaNO3(ך)|-466,7|116,5|25,69|225,94|0 
NaOH(ך)|-426,35|64,43|7,34|125|13,38
Na2B4O7(ך)|-3276,7|189,5|206,1|77,09|-37,49
Na2CO3(ך)|-1130,8|138,8|70,63|135,6|0 
Na2CO3*10H2O(ך)|-4077|2172|0 |0 |0 
NaH2PO4(ך)|-1544,9|127,57|0 |0 |0 
Na2HPO4(ך)|-1754,86|150,6|0 |0 |0 
Na2O(ך)|-417,98|75,06|77,11|19,33|-12,59
Na2O2(ך)|-513,21|94,81|74|56,66|0 
Na2S(ך)|-374,47|79,5|82,89|6,86|0 
Na2SO3(ך)|-1089,43|146,02|107,11|43,51|0 
Na2SO4(ך)|-1387,21|149,62|82,32|154,36|0 
Na2SO4*10H2O(ך)|-4324,75|591,87|0 |0 |0 
Na2S2O3(ך)|-1117,13|225|0 |0 |0 
Na2SiF6(ך)|-2849,72|214,64|0 |0 |0 
Na2SiO3(ך)|-1561,43|113,76|130,29|40,17|-27,07
Na2SiO3(ך)סעוךכ|-1541,64|0 |179,2|- |0 
Na3AlF6(ך) |-3309,54|283,49|172,27|158,45|0 
Na3PO4(ך)|-1924,64|224,68|136,1|67|0 
Ni(ך)|0|29,87|16,99|29,46|0
NiCl2(ך)|-304,18|98,07|73,27|13,23|-4,98
NiO(ך)|-239,74|37,99|-20,88|157,23|16,28
NiS(ך)|-79,5|52,97|38,7|26,78|0 
NiSO4(ך)|-873,49|103,85|125,94|41,51|0 
O(ד)|249,17|160,95|20,8|0,01|0,98
O+(ד)|1568,78|154,85|20,79|0|0
O-(ד)|101,43|157,69|20,84|-0,02|0,75
O2(ד)|0|205,04|31,46|3,39|-3,77
O3(ד)|142,26|238,82|47,02|8,04|-9,04
P(ך)בוכי|0|41,09|23,82|0|0
P(ך)ךנאcםי|-17,45|22,8|16,95|14,89|0
P2(ד)|143,85|217,94|36,16|0,85|-4,31
PCl3(ז) |-320,91|218,49|131,38|0 |0 
PCl3(ד) |-287,02|311,71|80,11|3,1|7,99
PCl5(ך) |-445,89|170,8|138|0 |0 
PCl5(ד) |-374,89|364,47|129,49|2,93|-16,4
P2O3(ז) |-1097|142|0 |0 |0 
P2O5(ך) |-1507,2|140,3|35,06|22,61|0 
P4O10(ך)|-2984,03|228,86|93,3|407,19|0 
P4O10(ד) |-2894,49|394,55|0 |0 |0 
Pb(ך)|0|64,81|24,23|8,71|0
PbBr2(ך)|-282,42|161,75|77,78|9,2|0 
PbCO3(ך)|-699,56|130,96|51,84|119,66|0 
PbCl2(ך)|-359,82|135,98|66,78|33,47|0 
PbCl2(ד) |-173,64|315,89|56,62|0,96|0 
PbI2(ך)|-175,23|175,35|75,31|19,66|0 
PbO(ך)זוכעי |-217,61|68,7|37,87|26,78|0 
PbO(ך)ךנאסםי|-219,28|66,11|36,15|32,47|0 
PbO2(ך) |-276,56|71,92|53,14|32,64|0 
Pb3O4(ך) |-723,41|211,29|177,49|34,39|-29,29
PbS(ך)|-100,42|91,21|46,74|9,2|0 
PbS(ד) |122,34|251,33|37,32|-2.05 |0 
PbSO4(ך) |-920,48|148,57|45,86|129,7|17,57
Pt(ך)|0|41,55|24,02|5,61|0
PtCl2(ך)|-106,69|219,79|67,78|25,98|0 
PtCl4(ך)|-229,28|267,88|112,21|129,7|0 
RaCl2(ך)|-887,6|144,4|77,04|10,9|0 
Ra(NO3)2(ך)|-992,27|217,71|0 |0 |0 
RaO(ך)|-544|71|44|8,4|0 
RaSO4(ך)|-1473,75|142,35|0 |0 |0 
Rb(ך)|0|76,23|30,88|0|0
S(ך)למםמךכ|0,38|32,55|23,64|0|0
S(ך)נמלב|0|31,92|22,68|0|0
S(ד)|278,81|167,75|0|0|0
S2(ד)|128,37|228,03|36,11|1,09|-3,51
SO2(ד) |-296,9|248,07|46,19|7,87|-7,7
SO2Cl2(ז) |-394,13|216,31|133,89|0 |0 
SO2Cl2(ד) |-363,17|311,29|87,91|6,15|-14,23
SO3(ד) |-395,85|256,69|64,98|11,75|-16,37
SO3(ד) |-395,85|256,69|91,28|-3,84|-119,61
Sb(ך)|0|45,69|23,1|7,28|0
SbCl3(ך)|-381,16|183,26|43,1|213,8|0 
SbCl3(ד) |-311,96|338,49|83,05|0|-4.98 
Sb2O3(ך)|-715,46|132,63|92,05|66,11|0 
Sb2O5(ך)|-1007,51|125,1|45,86|241,04|0 
Sb4O6(ך)|-1417,12|282|0 |0 |0 
Sb2S3(ך)קונםי|-157,74|181,59|101,29|55,23|0 
Se(ך)|0|42,44|18,95|23,01|0.
Si(ך)|0|18,83|22,82|3,86|-3,54
SiCl4(ז) |-687,85|239,74|145,27|0 |0 
SiCl4(ד) |-657,52|330,95|101,46|6,86|-11,51
SiF4(ד) |-1614,94|282,38|91,46|13,26|-19,66
SiH4(ד) |34,73|204,56|46,26|36,76|-12,77
SiO2(ך)ךגאנצ|-910,94|41,84|46,99|34,31|-11,3
SiO2(ך)ענטהטלטע|-909,06|43,51|13,68|103,76|0 
SiO2(ך)ךנטסעמבאכטע|-909,48|42,68|17,91|88,12|0 
SiO2(ך)סעוךכ|-903,49|46,86|56,02|15,41|-14,44
Sn(ך)בוכי|0|51,55|21,59|18,1|0
SnCl2(ך)|-330,95|131,8|50,63|83,68|0 
SnCl4(ז) |-528,86|258,99|165,27|- |0 
SnCl4(ד) |-489,11|364,84|106,98|0,84|-7,82
SnO(ך)|-285,98|56,48|39,96|14,64|0 
SnO(ד) |20,85|232,01|35,23|1,34|-3,51
SnO2(ך)|-580,74|52,3|73,85|10,04|-21,59
SnS(ך)|-110,17|76,99|35,69|31,3|3,77
Sr(ך)|0|55,69|22,22|13,89|0
SrO(ך)|-592,04|54,39|50,75|5,27|-6,49
SrSO4(ך)|-1444,74|117,57|91,2|55,65|0 
Te(ך)|0|49,5|19,12|22,09|0
TeCl4(ך)|-323,84|200,83|138,49|0 |0 
TeF6(ד) |-1369|335,89|152,08|3,1|-31,71
TeO2(ך)|-323,42|74,06|65,19|14,56|-5,02
Th(ך)|0|53,39|23,56|12,72|0
Th(OH)4(ך)|-1764,7|134|0 |0 |0 
ThO2(ך)|-1226,75|65,23|66,27|12,05|-6,69
ThS2(ך)|-627,6|96,23|71,8|9,62|0 
Th(SO4)2(ך)|-2541,36|148,11|104,6|230,96|0 
Ti(ך)|0|30,63|21,1|10,54|0
TiCl4(ז) |-804,16|252,4|142,79|8,71|-0,16
TiCl4(ד) |-763,16|354,8|107,18|0,47|-10,55
TiO2(ך)נףעטכ |-944,75|50,33|62,86|11,36|-9,96
TiO2(ך)אםאעאח|-933,03|49,92|75,04|0|-17,63
Tl(ך)|0|64,18|22,01|14,48|0
TlCl(ך)|-204,18|111,29|50,21|8,37|0 
TlCl(ד) |-68,41|256,06|37,4|0|-1,05
Tl2O(ך)|-167,36|134,31|56,07|41,84|0
U(ך)|0|50,29|16,19|30,63|2,05
UF4(ך)|-1910,37|151,67|107,53|29,29|-0,25
UF4(ד) |-1591,55|349,36|0 |0 |0 
UF6(ך)|-2188,23|227,61|52,72|384,93|0 
UF6(ד) |-2138,61|377,98|151,04|5,44|-20,38
UO2(ך)|-1084,91|77,82|80,33|6,78|-16,57
UO2F2(ך) |-1637,2|135,56|222,88|8,62|-19,92
UO2(NO3)2(ך)|-1348,99|276,33|0 |0 |0 
W(ך)|0|32,64|22,91|4,69|0
WO3(ך)|-842,91|75,9|87,65|16,17|-17,5
WS2(ך)|-259,41|64,85|68,63|15,61|-8,66
Zn(ך)|0|41,63|22,38|10,04|0
ZnCO3(ך)|-812,53|80,33|38,91|138,07|0 
ZnCl2(ך)|-415,05|111,46|60,67|23,01|0 
ZnCl2(ד) |-265,68|276,56|60,25|0,84|0 
ZnO(ך)|-348,11|43,51|48,99|5,1|-9,12
ZnS(ך)|-205,18|57,66|49,25|5,27|-4,85
ZnSO4(ך)|-981,36|110,54|76,36|76,15|0 
Zn(OH)2(ך)|-645,43|76,99|0 |0 |0 
Zr(ך)|0|38,99|21,97|11,63|0
ZrCl4(ך)|-979,77|181,42|124,97|14,14|-8,37
ZrCl4(ד) |-869,31|368,19|107,46|0,29|-8,26
ZrO2(ך)|-1097,46|50,36|69,62|7,53|-14,06
