Ac(г) | 92,01720841 | 44,93307839 | 0 | 0 | 0
Ac(к) | 0 | 15,05736138 | 0 | 0 | 0
Ac2O3(к) | -489,2447419 | 32,02676864 | 0 | 0 | 0
Ag(г) | 68,1166348 | 41,34799235 | 0 | 0 | 0
Ag(к)  | 0 | 10,16969407 | 5,728967495 | 1,259560229 | -0,059751434
Ag3AsO4(к) | -151,5296367 | 65,96558317 | 0 | 0 | 0
AgBr(к)  | -24,00095602 | 25,5999044 | 7,930210325 | 15,39913958 | 0
AgBrO3(к) | -1,912045889 | 36,32887189 | 0 | 0 | 0
AgCN(к) | 34,89483748 | 25,57361377 | 0 | 0 | 0
AgCl(к) | -30,30114723 | 22,99952199 | 14,88049713 | 0,999043977 | -2,700764818
AgClO3(к) | -5,258126195 | 35,85086042 | 0 | 0 | 0
AgClO4(к) | -7,648183556 | 38,71892925 | 0 | 0 | 0
AgCO3(к) | -120,9369025 | 39,91395793 | 0 | 0 | 0
Ag2CrO4(к) | -173,2791587 | 52,10325048 | 0 | 0 | 0
AgI(г) | 38,00191205 | 63,09751434 | 0 | 0 | 0
AgI(к)  | -14,79923518 | 27,60038241 | 5,819789675 | 24,09894837 | 0
AgIO3(к) | -40,39196941 | 35,61185468 | 0 | 0 | 0
AgF(г) | 1,673040153 | 56,40535373 | 0 | 0 | 0
AgF(к) | -49,23518164 | 20,07648184 | 0 | 0 | 0
AgN3(к) | 73,85277247 | 23,66156788 | 0 | 0 | 0
AgNO2(к) | -10,75525813 | 30,59273423 | 0 | 0 | 0
AgNO3(к)  | -29,76099426 | 33,68068834 | 8,759560229 | 45,20076482 | 0
Ag2O(к)  | -7,299235182 | 29,09894837 | 13,26003824 | 7,041108987 | 0
Ag3PO4(к) | -236,6156788 | 61,66347992 | 0 | 0 | 0
Ag2S(к)  | -7,600382409 | 34,29971319 | 15,43977055 | 9,550669216 | 0
Ag2SO4(к) | -171,0994264 | 47,80114723 | 23,0999044 | 27,89913958 | 0
Ag2Se(к) | -10,51625239 | 36,08986616 | 0 | 0 | 0
Ag2Te(к) | -8,604206501 | 37,0458891 | 0 | 0 | 0
Al(г) | 78,87189293 | 39,19694073 | 0 | 0 | 0
Al(к) | 0 | 6,771032505 | 4,940248566 | 2,958891013 | 0
AlBr3(к) | -122,7007648 | 43,08078394 | 11,93833652 | 40,53059273 | 0
Al4C3(к) | -49,71319312 | 21,27151052 | 0 | 0 | 0
AlCl3*6H2O(к) | -643,6424474 | 76,00382409 | 0 | 0 | 0
AlCl3(к) | -168,3006692 | 26,1209369 | 18,43212237 | 11,43164436 | 0
AlCl3(г) | -139,3403442 | 76,95984704 | 0 | 0 | 0
Al2Cl6(г) | -309,0344168 | 106,1185468 | 0 | 0 | 0
AlF3(к) | -360,999044 | 15,88910134 | 17,27055449 | 10,96080306 | -2,299235182
Al2O3(к)| -400,499522 | 12,17017208 | 27,37810707 | 3,080783939 | -8,200286807
Al2(SO4)3(к) | -822,6099426 | 57,17017208 | 87,5501912 | 14,95936902 | -26,88097514
AlH3(к) | -2,868068834 | 7,170172084 | 0 | 0 | 0
AlI3(г) | -49,71319312 | 89,86615679 | 0 | 0 | 0
AlI3(к) | -73,61376673 | 45,41108987 | 0 | 0 | 0
AlN(г) | 105,1625239 | 54,2543021 | 0 | 0 | 0
AlN(к) | -76,00382409 | 4,780114723 | 0 | 0 | 0
Al(OH)3(к) | -309,5124283 | 16,73040153 | 0 | 0 | 0
AlPO4(к) | -414,4359465 | 21,74952199 | 0 | 0 | 0
Al2S3(к) | -121,6539197 | 22,94455067 | 0 | 0 | 0
Al2(SO4)3(к) | -822,418738 | 57,12237094 | 0 | 0 | 0
Am(г) | 67,87762906 | 46,60611855 | 0 | 0 | 0
Am(к) | 0 | 17,208413 | 0 | 0 | 0
AmO2(к) | -258,3652008 | 20,07648184 | 0 | 0 | 0
Am2O3(к) | -420,8891013 | 38,00191205 | 0 | 0 | 0
As(г) | 68,83365201 | 41,58699809 | 0 | 0 | 0
As(к) | 0 | 8,510994264 | 5,564053537 | 1,371892925 | 0
As2(г) | 46,36711281 | 57,83938815 | 0 | 0 | 0
As4(г) | 34,17782027 | 78,87189293 | 0 | 0 | 0
AsBr3(г) | -31,0707457 | 86,99808795 | 0 | 0 | 0
AsBr3(к) | -46,12810707 | 38,00191205 | 0 | 0 | 0
AsCl3(ж) | -72,89913958 | 51,69933078 | 0 | 0 | 0
AsCl3(г) | -64,61281071 | 78,58986616 | 19,61998088 | 0,239005736 | -1,419694073
AsF3(г) | -220,124283 | 69,07265774 | 0 | 0 | 0
AsF3(ж) | -228,7284895 | 43,26003824 | 0 | 0 | 0
AsF5(г) | -295,8891013 | 84,36902486 | 0 | 0 | 0
AsH3(г) | 15,77437859 | 53,29827916 | 0 | 0 | 0
AsI3(к) | -19,12045889 | 39,19694073 | 0 | 0 | 0
As2O3(к) куб | -159,1778203 | 27,96367113 | 0 | 0 | 0
As2O3(к) монокл | -158,6998088 | 30,35372849 | 0 | 0 | 0
As2O3(к) клаудетит | -156,1591778 | 29,33078394 | 14,29971319 | 42,00047801 | 0
As2O3(к) арсенолит | -157,000478 | 25,88910134 | 8,36998088 | 48,59942639 | 0
As2O5(к)  | -220,2007648 | 25,20076482 | 0 | 0 | 0
As2O5(к) аморф | -221,0803059 | 25,09560229 | 0 | 0 | 0
As4O6(г) | -288,957935 | 91,06118547 | 0 | 0 | 0
As2S3(к) | -22,94455067 | 39,19694073 | 0 | 0 | 0
Ar(г) | 0 | 37,0458891 | 0 | 0 | 0
Au(г) | 87,9541109 | 43,0210325 | 0 | 0 | 0
Au(к)  | 0 | 11,32887189 | 5,659655832 | 1,240439771 | 0
AuBr(к) | -3,346080306 | 23,42256214 | 0 | 0 | 0
AuBr3(к) | -12,90630975 | 37,0458891 | 0 | 0 | 0
AuCl(к) | -8,365200765 | 25,8126195 | 0 | 0 | 0
AuCl3(к) | -28,20267686 | 36,32887189 | 0 | 0 | 0
AuF3(к) | -87,9541109 | 27,00764818 | 0 | 0 | 0
AuI(к) | 0,239005736 | 26,52963671 | 0 | 0 | 0
Au2O3(к) | -0,717017208 | 32,02676864 | 0 | 0 | 0
B(к) аморф | 0,956022945 | 1,673040153 | 0 | 0 | 0
B(г) | 134,3212237 | 36,32887189 | 0 | 0 | 0
B(к) | 0 | 1,400573614 | 4,010516252 | 2,160611855 | -1,790152964
B2(г) | 202,1988528 | 48,2791587 | 0 | 0 | 0
BBr3(г) | -48,99617591 | 77,43785851 | 0 | 0 | 0
BBr3(ж) | -57,12237094 | 54,97131931 | 0 | 0 | 0
BCl3(г) | -96,30975143 | 69,33078394 | 16,85946463 | 2,860898662 | -2,440248566
BCl3(ж) | -102,0554493 | 49,23518164 | 0 | 0 | 0
BrCl3(г) | -117,3518164 | 85,3250478 | 0 | 0 | 0
BF3(г) | -271,6491396 | 60,70984704 | 12,44024857 | 6,699330784 | -2,11998088
BH3(г) | 21,98852772 | 44,93307839 | 0 | 0 | 0
B2H6(г) | 8,365200765 | 55,44933078 | 0 | 0 | 0
B5H9(г) | 17,92543021 | 65,96558317 | 0 | 0 | 0
B5H9(ж) | 10,51625239 | 43,97705545 | 0 | 0 | 0
B10H14(к) | -9,321223709 | 42,06500956 | 0 | 0 | 0
B3H6N3(г) | -121,8929254 | 69,07265774 | 0 | 0 | 0
B3H6N3(ж) | -129,3021033 | 46,12810707 | 0 | 0 | 0
BI3(г) | 16,96940727 | 83,41300191 | 0 | 0 | 0
BI3(к) | -8,843212237 | 47,80114723 | 0 | 0 | 0
BN(г) | 154,875717 | 50,66921606 | 0 | 0 | 0
BN(к) | -60,70745698 | 3,585086042 | 0 | 0 | 0
B2O3(к) аморф | -299,7131931 | 18,64244742 | 0 | 0 | 0
B2O3(г) | -201,7208413 | 66,92160612 | 0 | 0 | 0
B2O3(к) | -303,6400574 | 12,86806883 | 8,730879541 | 25,41108987 | -1,309751434
B(OH)3(г) | -242,1128107 | 72,41873805 | 0 | 0 | 0
B(OH)3(к) | -261,4722753 | 21,27151052 | 0 | 0 | 0
BP(к) | -24,13957935 | 6,453154876 | 0 | 0 | 0
B2S3(г) | 16,01338432 | 78,15487572 | 0 | 0 | 0
B2S3(к) | -57,12237094 | 25,33460803 | 0 | 0 | 0
Ba(г) | 42,3040153 | 40,63097514 | 0 | 0 | 0
Ba(к) | 0 | 14,50047801 | 5,320267686 | 3,300669216 | 0
BaBr2(г) | -99,66539197 | 83,17399618 | 0 | 0 | 0
BaBr2(к) | -179,4933078 | 35,61185468 | 0 | 0 | 0
BaBr2*2H2O(к) | -324,0917782 | 54,97131931 | 0 | 0 | 0
Ba(BrO3)2*H2O(к) | -239,7227533 | 68,83365201 | 0 | 0 | 0
BaCO3(к) | -289,4000956 | 26,79971319 | 20,76959847 | 11,69933078 | -2,860898662
BaCl2(к) | -205,3991396 | 29,55066922 | 17,00047801 | 3,338910134 | 0
BaCl2*2H2O(к) | -345,6022945 | 48,51816444 | 0 | 0 | 0
Ba(ClO3)2(к) | -180,4493308 | 55,92734226 | 0 | 0 | 0
Ba(ClO4)2(к) | -188,5755258 | 60,94646272 | 0 | 0 | 0
BaCrO4(к) | -340,8221797 | 37,28489484 | 0 | 0 | 0
BaF2(г) | -192,3996176 | 71,46271511 | 0 | 0 | 0
BaF2(к) | -284,8948375 | 22,94455067 | 0 | 0 | 0
BaH2(к) | -45,41108987 | 15,05736138 | 0 | 0 | 0
BaI2(г) | -77,19885277 | 86,52007648 | 0 | 0 | 0
BaI2(к) | -145,793499 | 39,91395793 | 0 | 0 | 0
BaI2*2H2O(к) | -292,0650096 | 59,03441683 | 0 | 0 | 0
Ba(NO3)2(к)  | -237,1104207 | 51,09942639 | 30,0501912 | 35,70028681 | -4,010516252
BaO(г) | -31,30975143 | 56,16634799 | 0 | 0 | 0
BaO(к) | -132,2992352 | 16,79971319 | 12,73900574 | 1,039674952 | -1,978967495
BaO2(к) | -153,9196941 | 18,64244742 | 0 | 0 | 0
Ba(OH)2(к) | -225,499522 | 24,09894837 | 16,9000956 | 21,9000956 | 0
Ba3(PO4)2(к) | -946,4627151 | 85,08604207 | 0 | 0 | 0
BaS(г) | 15,29636711 | 59,5124283 | 0 | 0 | 0
BaS(к) | -105,6405354 | 18,64244742 | 0 | 0 | 0
BaSO3(к) | -246,1759082 | 28,91969407 | 0 | 0 | 0
BaSO4(к) | -348,6806883 | 31,59894837 | 33,8001912 | 0 | -8,429732314
BaSe(к) | -86,99808795 | 21,74952199 | 0 | 0 | 0
BaTe(к) | -75,04780115 | 13,62332696 | 0 | 0 | 0
Be(г) | 78,15487572 | 32,50478011 | 0 | 0 | 0
Be(к) | 0 | 2,280114723 | 4,579349904 | 2,11998088 | -1,140057361
BeBr2(г) | -57,36137667 | 65,24856597 | 0 | 0 | 0
BeBr2(к) | -87,9541109 | 28,91969407 | 0 | 0 | 0
Be2C(к) | -21,74952199 | 3,824091778 | 0 | 0 | 0
BeCl(г) | -86,04206501 | 60,22944551 | 0 | 0 | 0
BeCl2(к) | -117,3518164 | 19,8374761 | 0 | 0 | 0
BeCl2*4H2O(к) | -441,6826004 | 58,07839388 | 0 | 0 | 0
BeF2(к) аморф | -244,2638623 | 0 | 0 | 0 | 0
BeF2(г) | -187,3804971 | 54,73231358 | 0 | 0 | 0
BeF2(к) | -247,3709369 | 12,66730402 | 0 | 0 | 0
BeH2(к) аморф | -4,541108987 | 5,975143403 | 0 | 0 | 0
BeH2(г) | 30,11472275 | 41,34799235 | 0 | 0 | 0
BeI2(г) | -20,31548757 | 69,07265774 | 0 | 0 | 0
BeI2(к) | -50,66921606 | 31,0707457 | 0 | 0 | 0
Be3N2(к) | -140,7743786 | 11,95028681 | 0 | 0 | 0
Be(NO3)2*4H2O(к) | -462,7151052 | 0 | 0 | 0 | 0
BeO(г) | 30,83173996 | 47,32313576 | 0 | 0 | 0
BeO(к) | -143,0999044 | 3,379541109 | 8,448852772 | 4,000956023 | -3,169216061
Be(OH)2(к) | -216,3001912 | 12,66730402 | 0 | 0 | 0
BeS(к) | -56,16634799 | 8,126195029 | 0 | 0 | 0
BeSO4(к)  | -287,000478 | 18,63527725 | 17,15583174 | 23,82648184 | -3,293499044
BeSO4*4H2O(к) | -579,5889101 | 55,68833652 | 0 | 0 | 0
BeSeO4(к) | -226,3384321 | 0 | 0 | 0 | 0
BeSeO4*4H2O(к) | -518,6424474 | 59,03441683 | 0 | 0 | 0
Be2SiO4(к) | -512,667304 | 15,29636711 | 0 | 0 | 0
Bi(г) | 49,95219885 | 44,69407266 | 0 | 0 | 0
Bi(к) | 0 | 13,59942639 | 4,490917782 | 5,399139579 | 0
BiBr3(г) | -24,37858509 | 92,01720841 | 0 | 0 | 0
BiBr3(к) | -61,90248566 | 0 | 0 | 0 | 0
BiCl3(г) | -63,09751434 | 85,08604207 | 0 | 0 | 0
BiCl3(к) | -90,34416826 | 41,10898662 | 0 | 0 | 0
BiClO(к) | -88,19311663 | 24,61759082 | 0 | 0 | 0
BiF3(к) | -216,0611855 | 0 | 0 | 0 | 0
BiI3(к) | -41,58699809 | 55,92734226 | 0 | 0 | 0
Bi(NO3)3 *5H2O(к) | -479,206501 | 0 | 0 | 0 | 0
Bi2O3(к) | -136,4005736 | 36,1998088 | 24,73948375 | 7,999521989 | 0
Bi(OH)3(к) аморф | -170,8891013 | 28,20267686 | 0 | 0 | 0
Bi2S3(к) | -37,28489484 | 47,80114723 | 0 | 0 | 0
Bi2(SO4)3(к) | -610,4206501 | 0 | 0 | 0 | 0
Bi2Se3(к) | -33,46080306 | 51,86424474 | 0 | 0 | 0
Bi2Te3(к) | -18,88145315 | 59,99043977 | 0 | 0 | 0
Br(г)  | 26,73996176 | 41,80210325 | 4,775334608 | 0,320267686 | 0,086042065
Br-(г)  | -52,31118547 | 39,05114723 | 4,968929254 | 0 | 0
Br2(г)  | 7,387667304 | 58,64483748 | 8,919694073 | 0,119502868 | -0,301147228
Br2(ж) | 0 | 36,3790631 | 18,09034417 | 0 | 0
C(к) алмаз | 0,437380497 | 0,566443595 | 2,179732314 | 3,159655832 | -1,479445507
C(к) графит | 0 | 1,371892925 | 4,029636711 | 1,140057361 | -2,041108987
C(г) | 171,2882409 | 37,76051625 | 4,971319312 | 0 | 0
C2(г)  | 198,5803059 | 47,63623327 | 7,330305927 | 0,948852772 | 2,435468451
CBr4(г) | 19,8374761 | 85,56405354 | 0 | 0 | 0
CCl4(г) | -24,61759082 | 74,0917782 | 0 | 0 | 0
CCl4(ж) | -32,26577438 | 51,62523901 | 0 | 0 | 0
CCl2O(г) | -52,82026769 | 67,87762906 | 0 | 0 | 0
CCl2O(ж) | -58,31739962 | 47,08413002 | 0 | 0 | 0
CF4(г) | -222,9923518 | 62,61950287 | 0 | 0 | 0
CI4(г) | 73,37476099 | 93,69024857 | 0 | 0 | 0
C2N2(г) | 73,85277247 | 58,31739962 | 0 | 0 | 0
(CN)Br(г) | 44,45506692 | 59,27342256 | 0 | 0 | 0
(CN)Cl(г) | 32,98279159 | 56,40535373 | 0 | 0 | 0
(CN)F(г) | -2,868068834 | 54,01529637 | 0 | 0 | 0
C(NH2)2O(к) | -79,58891013 | 25,09560229 | 0 | 0 | 0
(CN)I(г) | 53,77629063 | 61,42447419 | 0 | 0 | 0
CO(г) | -26,41730402 | 47,21558317 | 6,790152964 | 0,979923518 | -0,109942639
CO2(г) | -94,05114723 | 51,06596558 | 10,54971319 | 2,160611855 | -2,041108987
COCl2(г) | -52,46175908 | 67,791587 | 16,04923518 | 2,875239006 | -2,160611855
COF2(г) | -151,7686424 | 61,66347992 | 0 | 0 | 0
COS(г) | -33,86711281 | 55,33699809 | 11,50095602 | 2,01959847 | -1,959847036
CS(г) | 54,97131931 | 50,19120459 | 0 | 0 | 0
CS2(ж) | 21,1998088 | 36,09942639 | 0 | 0 | 0
CS2(г) | 27,89196941 | 56,82839388 | 12,4498088 | 1,598948375 | -1,799713193
Ca(г) | 42,54302103 | 37,0458891 | 0 | 0 | 0
Ca(к) | 0 | 9,949808795 | 5,310707457 | 3,329349904 | 0
Ca(BO2)2(к) | -485,4206501 | 25,09560229 | 0 | 0 | 0
CaBr2(г) | -93,45124283 | 74,0917782 | 0 | 0 | 0
CaBr2(к) | -161,0898662 | 32,02676864 | 0 | 0 | 0
CaBr2*6H2O(к) | -598,2313576 | 72,89674952 | 0 | 0 | 0
CaC2(к) | -14,29971319 | 16,7208413 | 16,40057361 | 2,839388145 | -2,069789675
CaCO3(к) кальцит | -288,4392925 | 21,91921606 | 24,98087954 | 5,239005736 | -6,199808795
CaC2O4(к) | -323,1357553 | 0 | 0 | 0 | 0
CaC2O4*H2O(к) | -399,1395793 | 37,28489484 | 0 | 0 | 0
CaCl2(г) | -111,6156788 | 68,35564054 | 0 | 0 | 0
CaCl2(к) | -190,2294455 | 25,90105163 | 17,17973231 | 3,040152964 | -0,599904398
CaCl2*2H2O(к) | -331,9789675 | 0 | 0 | 0 | 0
CaCl2*6H2O(к) | -627,3900574 | 68,1166348 | 0 | 0 | 0
Ca(ClO4)2(к) | -173,2791587 | 0 | 0 | 0 | 0
CaCrO4(к) | -329,5889101 | 32,02676864 | 0 | 0 | 0
CaF2(г) | -186,1854685 | 65,4875717 | 0 | 0 | 0
CaF2(к) | -291,7997132 | 16,35994264 | 14,29971319 | 7,280114723 | 0,4708413
CaH2(к) | -41,82600382 | 10,03824092 | 0 | 0 | 0
Ca(HCO3)2(к) | -560,2294455 | 37,0458891 | 0 | 0 | 0
CaHPO4(к) | -432,2562141 | 26,62045889 | 33,08078394 | 13,16921606 | -9,651051625
CaHPO4*2H2O(к) | -573,0066922 | 45,27963671 | 0 | 0 | 0
Ca(H2PO4)2(к) | -744,4000956 | 45,30114723 | 0 | 0 | 0
Ca(H2PO4)2*H2O(к)  | -814,6008604 | 62,10086042 | 0 | 0 | 0
CaI2(г) | -55,44933078 | 77,91586998 | 0 | 0 | 0
CaI2(к) | -128,585086 | 34,65583174 | 0 | 0 | 0
Ca(IO3)2(к) | -240,917782 | 54,97131931 | 0 | 0 | 0
CaMoO4(к) | -369,5028681 | 29,39770554 | 0 | 0 | 0
Ca3N2(к) | -103,250478 | 25,09560229 | 0 | 0 | 0
Ca(NO3)2(к) | -224,3690249 | 46,1998088 | 29,36902486 | 36,79971319 | -4,13001912
Ca(NO3)2*4H2O(к) | -509,3212237 | 81,02294455 | 0 | 0 | 0
CaO(г) | -14,34034417 | 52,58126195 | 0 | 0 | 0
CaO(к) | -151,790153 | 9,098948375 | 11,85946463 | 1,080305927 | -1,661089866
CaO2(к) | -157,5047801 | 10,27724665 | 0 | 0 | 0
Ca(OH)2(к) | -235,4493308 | 19,93068834 | 25,14101338 | 2,870458891 | -4,541108987
Ca3P2(к) | -118,0688337 | 0 | 0 | 0 | 0
Ca2P2O7(к) | -796,6061185 | 45,17208413 | 0 | 0 | 0
Ca3(PO4)2(к) | -984,8996176 | 56,40057361 | 48,24091778 | 39,67973231 | -5
CaS(к) | -114,000956 | 13,53011472 | 10,20076482 | 3,800191205 | 0
CaSO3*2H2O(к) | -418,9770554 | 43,97705545 | 0 | 0 | 0
CaSO4(к) | -343,2791587 | 25,49952199 | 16,78059273 | 23,59942639 | 0
CaSO4*2H2O(к) | -483,5086042 | 46,36711281 | 0 | 0 | 0
2CaSO4*H2O(к) | -765,5353728 | 62,38049713 | 0 | 0 | 0
CaSiO3(к) | -390,7743786 | 19,59847036 | 0 | 0 | 0
CaWO4(к) | -392,208413 | 30,11472275 | 0 | 0 | 0
Cd(г) | 26,76864245 | 40,15296367 | 0 | 0 | 0
Cd(к) | 0 | 12,3709369 | 5,310707457 | 2,939770554 | 0
Cd3As2(к) | -10,03824092 | 49,47418738 | 0 | 0 | 0
CdBr2(г) | -33,46080306 | 74,0917782 | 0 | 0 | 0
CdBr2(к) | -75,52581262 | 33,22179732 | 0 | 0 | 0
CdCO3(к) | -180,210325 | 23,18355641 | 0 | 0 | 0
CdCl2(г) | -46,60611855 | 68,35564054 | 0 | 0 | 0
CdCl2(к) | -93,40105163 | 27,5501912 | 14,63910134 | 9,600860421 | 0
CdF2(г) | -94,40726577 | 63,33652008 | 0 | 0 | 0
CdF2(к) | -167,3040153 | 21,27151052 | 0 | 0 | 0
CdI2(г) | -14,34034417 | 77,91586998 | 0 | 0 | 0
CdI2(к) | -49,23518164 | 38,47992352 | 0 | 0 | 0
Cd(NO3)2(к) | -108,2695985 | 0 | 0 | 0 | 0
Cd(NO3)2*4H2O(к) | -494,7418738 | 93,9292543 | 0 | 0 | 0
CdO(г)(к) | 19,35946463 | 55,68833652 | 0 | 0 | 0
CdO(к) | -61,9000956 | 13,0999044 | 11,52963671 | 1,524856597 | -1,171128107
Cd(OH)2(к) | -134,5602294 | 21,03250478 | 0 | 0 | 0
CdS(к) | -37,5 | 17,00047801 | 12,89913958 | 0,901051625 | 0
CdSO4(к) | -223,3293499 | 29,40965583 | 18,47992352 | 18,49904398 | 0
3CdSO4*8H2O(к) | -1239,961759 | 164,6749522 | 0 | 0 | 0
CdSe(к) | -32,50478011 | 23,18355641 | 0 | 0 | 0
CdTe(к) | -25,8126195 | 21,98852772 | 0 | 0 | 0
Cl(г) | 29,00095602 | 39,45506692 | 5,530592734 | -0,160133843 | -0,229445507
Cl-(г) | -55,83891013 | 36,62762906 | 4,968929254 | 0 | 0
Cl2(г) | 0 | 53,29349904 | 8,850382409 | 0,160133843 | -0,681166348
ClO2(г)  | 25 | 61,4292543 | 11,53919694 | 1,799713193 | -1,849904398
Cl2O(г)  | 18,0999044 | 63,63049713 | 12,71032505 | 0,800669216 | -1,859464627
Co(к)  | 0 | 7,179732314 | 4,739483748 | 4,00334608 | 0
CoCl2(к) | -74,69885277 | 26,1209369 | 14,40965583 | 14,60086042 | 0
CoSO4(к) | -207,3996176 | 27,10086042 | 0 | 0 | 0
Cr(к) | 0 | 5,650095602 | 5,838910134 | 2,358986616 | -0,879541109
CrCl3(к) | -132,999522 | 29,4000956 | 19,00095602 | 9,849426386 | 0
CrO3(к) | -141,0994264 | 17,5 | 19,72992352 | 5,179254302 | -4,180210325
Cr2O3(к) | -272,6003824 | 19,4000956 | 28,53011472 | 2,198852772 | -3,740439771
Cs(к) | 0 | 20,16013384 | 7,5 | 0 | 0
CsCl(к) | -105,8389101 | 24,18260038 | 11,9000956 | 2,280114723 | 0
CsI(к) | -80,49952199 | 30 | 11,59894837 | 2,679254302 | 0
CsOH(к) | -97,19885277 | 18,59942639 | 0 | 0 | 0
Cu(к) | 0 | 7,920650096 | 5,411089866 | 1,500956023 | 0
CuCl(к) | -32,80114723 | 20,79827916 | 9,146749522 | 8,217017208 | 0
CuCl2(к) | -49,19933078 | 25,8293499 | 16,11854685 | 4,196940727 | 0
CuO(к) | -38,71892925 | 10,18881453 | 10,47562141 | 4,008126195 | -1,405353728
CuS(к) | -12,70076482 | 15,90105163 | 10,5999044 | 2,641013384 | 0
CuSO4(к) | -184,249522 | 26,09942639 | 18,76912046 | 17,19885277 | 0
Cu2O(к) | -41,39101338 | 22,21080306 | 13,52055449 | 7,000478011 | 0
Cu2S(к) | -19,00095602 | 28,90057361 | 9,380975143 | 31,1998088 | 0
D(г) | 52,98040153 | 29,45506692 | 4,968929254 | 0 | 0
D2O(ж)  | -70,41108987 | 18,14053537 | 0 | 0 | 0
D2O(г)  | -59,56022945 | 47,37810707 | 0 | 0 | 0
F(г) | 18,97227533 | 37,91586998 | 5,664435946 | -0,767208413 | 0
F(г) | 18,97227533 | 37,91586998 | 5,038240918 | -0,023900574 | 0,638145315
F-(г) | -62,06500956 | 34,76816444 | 4,968929254 | 0 | 0
F2(г) | 0 | 48,43929254 | 8,260038241 | 0,599904398 | -0,838910134
Fe(к) | 0 | 6,489005736 | 4,120458891 | 5,920172084 | 0
Fe(к) | 0 | 6,489005736 | -38,19311663 | 43,26003824 | 79,43594646
FeCO3(к) | -176,4220841 | 22,80114723 | 11,63001912 | 26,79971319 | 0
FeO(к) | -63,30066922 | 14,51959847 | 12,1414914 | 2,057839388 | -0,791108987
FeS(к) | -24,00095602 | 14,40965583 | 0,11998088 | 40 | 0
FeSO4(к) | -221,6993308 | 25,70028681 | 0 | 0 | 0
FeS2(к) | -42,39961759 | 12,65057361 | 17,88001912 | 1,319311663 | -3,049713193
Fe2O3(к) | -196,500956 | 20,90105163 | 23,36042065 | 17,23948375 | -3,080783939
Fe3O4(к) | -267,000478 | 34,94024857 | 20,61902486 | 49,93307839 | 0
Ga(к) | 0 | 9,820745698 | 6,230879541 | 0 | 0
Ga2O3(к) | -260,3011472 | 20,31070746 | 26,9789675 | 3,690248566 | -5,019120459
Ge(к) | 0 | 7,430688337 | 5,979923518 | 0,819789675 | -0,559273423
GeO2(к) гексаг  | -132,5788719 | 13,20984704 | 16,46988528 | 2,349426386 | -4,23040153
GeO2(к) тетраг  | -138,6591778 | 9,490917782 | 15,92017208 | 2,770076482 | -4,239961759
H(г)  | 52,09847036 | 27,39005736 | 4,968929254 | 0 | 0
H+(г) | 367,1630019 | 26,01338432 | 4,968929254 | 0 | 0
H-(г) | 33,2289675 | 26,01577438 | 4,968929254 | 0 | 0
H2(г) | 0 | 31,19502868 | 6,520076482 | 0,7791587 | 0,119502868
HBr(г)  | -8,695028681 | 47,46175908 | 6,25 | 1,400573614 | 0,260516252
HCN(г)  | 31,54875717 | 48,20984704 | 9,409655832 | 2,700764818 | -1,438814532
HCl(г)  | -22,0626195 | 44,64388145 | 6,34082218 | 1,099426386 | 0,260516252
HF(г)  | -65,32026769 | 41,5081262 | 6,429254302 | 0,819789675 | 0,260516252
HI(г)  | 6,300191205 | 49,3499044 | 6,290630975 | 1,419694073 | 0,219885277
HNO3(ж)  | -41,34799235 | 37,32313576 | 0 | 0 | 0
HNO3(г)  | -32,00525813 | 63,76195029 | 0 | 0 | 0
H2O(ж)  | -68,31500956 | 16,71845124 | 9,326003824 | 18,31739962 | 2,858508604
H2O(г)  | -57,79397706 | 45,10516252 | 7,170172084 | 2,559751434 | 0,078871893
H2O2(ж)  | -44,89961759 | 26,19502868 | 12,81070746 | 27,99952199 | 0
H2O2(г)  | -32,47609943 | 56,02533461 | 12,5 | 2,839388145 | -2,839388145
H2S(г)  | -4,923518164 | 49,16347992 | 7,01959847 | 3,680688337 | 0
H2SO4(ж)  | -194,5482792 | 37,5 | 37,5 | 6,763862333 | -5,60707457
H3PO4(ж)  | -305,7002868 | 26,41013384 | 11,90965583 | 45,22944551 | 0
H3PO4(ж)  | -302,7963671 | 47,99952199 | 0 | 0 | 0
Hg(ж) | 0 | 18,14053537 | 6,438814532 | 0 | 0,188814532
Hg(г) | 14,65105163 | 41,79015296 | 4,968929254 | 0 | 0
HgBr2(к) | -40,49952199 | 40,70506692 | 15,91300191 | 7,000478011 | 0
HgCl2(к) | -54,55066922 | 33,46558317 | 16,72801147 | 4,847036329 | -0,451720841
HgI2(к) | -25,20076482 | 43,98900574 | 17,40917782 | 4,000956023 | 0
HgO(к) красн  | -21,72 | 16,79971319 | 8,61376673 | 7,084130019 | 0
HgS(к) красн | -14,09894837 | 19,69885277 | 10,47801147 | 3,649617591 | 0
Hg2Br2(к)  | -49,49091778 | 52,03154876 | 0 | 0 | 0
Hg2Cl2(к) | -63,35086042 | 46,0707457 | 22,10086042 | 7,399617591 | 0
Hg2SO4(к) красн | -177,9756214 | 47,9708413 | 0 | 0 | 0
I(г) | 25,51625239 | 43,18116635 | 4,796845124 | 0,162523901 | 0,109942639
I-(г) | -46,61089866 | 40,42782027 | 4,968929254 | 0 | 0
I2(к)  | 0 | 27,7581262 | 9,588910134 | 11,9000956 | 0
I2(г) | 14,92112811 | 62,28489484 | 8,938814532 | 0,141013384 | -0,169694073
In(к) | 0 | 13,81931166 | 4,839866157 | 5,160133843 | 0
In2O3(к) | -221,3001912 | 25,80066922 | 0 | 0 | 0
In2(SO4)3(к) | -651,4101338 | 72,19885277 | 47,84894837 | 60 | 0
K(к) | 0 | 15,33938815 | 1,34082218 | 19,4000956 | 0
KAl(SO4)2(к) | -589,1491396 | 48,87667304 | 55,95124283 | 19,67973231 | -13,96032505
K[BF4](к) | -450,7648184 | 37,52390057 | 0 | 0 | 0
K[BH4](к) | -54,2543021 | 25,57361377 | 0 | 0 | 0
KBr(к) | -94,12045889 | 22,93021033 | 11,56070746 | 3,319789675 | 0
KCl(к) | -104,3690249 | 19,72992352 | 9,890057361 | 5,200764818 | 0,76959847
KClO3(к) | -93,49904398 | 34,1706501 | 0 | 0 | 0
KClO4(к) | -102,8011472 | 36,09942639 | 0 | 0 | 0
KI(к) | -78,36998088 | 25,43021033 | 9,282982792 | 6,912045889 | 1,178298279
KMnO4(к) | -198,1094646 | 40,99904398 | 0 | 0 | 0
KNO3(к) | -117,7007648 | 31,75908222 | 14,55066922 | 28,40105163 | 0
KOH(к) | -101,5105163 | 18,94837476 | 10,1959847 | 18,39388145 | 0
K2CO3(к) | -274,8996176 | 37,17017208 | 19,18977055 | 26,06118547 | 0
K2CrO4(к) | -331,1998088 | 47,80114723 | 29,56978967 | 17,89913958 | 0
K2Cr2O7(к) | -494,0893881 | 69,60086042 | 36,65869981 | 54,80162524 | 0
K2SO4(к) | -342,6601338 | 41,95984704 | 28,76912046 | 23,8001912 | -4,259082218
La(к) | 0 | 13,59942639 | 6,166347992 | 1,601338432 | 0
LaCl3(к) | -255,8986616 | 34,50047801 | 23,2289675 | 5,129063098 | 0
Li(к) | 0 | 6,749521989 | 1,63957935 | 11,09942639 | 0,838910134
Li[BH4](к) | -45,6500956 | 18,16443595 | 0 | 0 | 0
LiCl(к) | -97,57887189 | 14,17304015 | 9,899617591 | 5,592734226 | 0
LiNO3(к) | -115,2796367 | 17,00047801 | 9,170650096 | 35,99904398 | 0
LiOH(к) | -115,8389101 | 10,22466539 | 11,99091778 | 8,240917782 | 2,270554493
Li2CO3(к) | -290,6309751 | 21,54875717 | 10,16491396 | 42,38527725 | 0
Li2SO4(к) | -343,1787763 | 27,24665392 | 28,42973231 | 22,30162524 | -6,500956023
Mg(к) | 0 | 7,810707457 | 5,329827916 | 2,540630975 | -0,100382409
MgCO3(к) | -261,9144359 | 15,55927342 | 18,6209369 | 13,8001912 | -4,161089866
MgCl2(к) | -154,1108987 | 21,40057361 | 18,90057361 | 1,419694073 | -2,060229446
MgO(к) | -143,7595602 | 6,469885277 | 11,70650096 | 0,750478011 | -2,734225621
Mg(OH)2(к) | -220,999044 | 15,10038241 | 11,23087954 | 24,58173996 | 0
MgSO4(к) | -307,7007648 | 21,88097514 | 25,43977055 | 11,06118547 | -5,234225621
MgSO4*6H2O(к) | -738,4082218 | 83,19789675 | 0 | 0 | 0
Mn(к) | 0 | 7,650573614 | 5,700286807 | 3,379541109 | -0,38001912
MnCO3(к) | -210,7217973 | 26,18068834 | 21,99091778 | 9,299713193 | -4,689292543
MnCl2(к) | -115 | 28,26003824 | 18,04015296 | 3,159655832 | -1,369502868
MnO(к) | -92,04110899 | 14,69885277 | 11,10898662 | 1,940726577 | -0,879541109
MnO2(к) | -124,6391013 | 12,70076482 | 16,59894837 | 2,440248566 | -3,879063098
MnS(к) | -51,23087954 | 19,29971319 | 11,40057361 | 1,799713193 | 0
Mn2O3(к) | -228,9005736 | 26,40057361 | 0 | 0 | 0
Mn3O4(к) | -331,6443595 | 37,00047801 | 34,63910134 | 10,81978967 | -2,198852772
Mo(к) | 0 | 6,840344168 | 5,179254302 | 1,661089866 | 0
N2(г) | 0 | 45,76959847 | 6,663479924 | 1,020554493 | 0
NH3(ж)  | -16,69933078 | 0 | 0 | 0 | 0
NH3(г)  | -10,97992352 | 46,04684512 | 7,122370937 | 6,089866157 | -0,399139579
NH4Al(SO4)2(к)  | -562,5 | 51,69933078 | 0 | 0 | 0
NH4Al(SO4)2*12H2O(к) | -1420,650096 | 166,5869981 | 0 | 0 | 0
NH4Cl(к) | -75,10038241 | 22,89913958 | 0 | 0 | 0
NH4NO3(к) | -87,33986616 | 36,09942639 | 0 | 0 | 0
(NH4)2SO4(к) | -282,1008604 | 52,60038241 | 24,76099426 | 67,11281071 | 0
NO(г) | 21,81166348 | 50,34416826 | 7,069789675 | 0,920172084 | -0,141013384
NOCl(г)  | 12,56931166 | 62,97801147 | 10,7289675 | 1,840344168 | -1,661089866
NO2(г)  | 8,171606119 | 57,37571702 | 9,837476099 | 2,70793499 | -1,677820268
N2O(г)  | 19,60086042 | 52,54063098 | 10,92017208 | 2,060229446 | -2,038718929
N2O4(г)  | 2,655353728 | 72,74139579 | 20,0501912 | 9,500478011 | -3,561185468
N2O5(г)  | 3,178776291 | 85,00239006 | 30,46128107 | 3,953154876 | -7,851338432
Na(к) | 0 | 12,23948375 | 4,020076482 | 9,039196941 | 0
NaA1O2(к) | -270,8006692 | 16,79971319 | 21,02055449 | 4,23040153 | -4,239961759
Na[BF4](к) | -440,9655832 | 28,68068834 | 0 | 0 | 0
NaBr(к) | -86,3790631 | 20,75047801 | 11,45315488 | 3,181166348 | 0
NaCl(к) | -98,26003824 | 17,23948375 | 10,97992352 | 3,900573614 | 0
NaF(к) | -137,1008604 | 12,26099426 | 10,39913958 | 3,879063098 | -0,329827916
NaHCO3(к) | -226,4101338 | 24,40248566 | 10,7289675 | 34,39053537 | 0
NaI(к) | -68,8001912 | 23,49904398 | 11,68260038 | 2,88001912 | 0
NaNO3(к) | -111,5439771 | 27,84416826 | 6,140057361 | 54,00095602 | 0
NaOH(к) | -101,9000956 | 15,39913958 | 1,754302103 | 29,87571702 | 3,19789675
Na2B4O7(к) | -783,1500956 | 45,291587 | 49,25908222 | 18,4249522 | -8,960325048
Na2CO3(к) | -270,2676864 | 33,17399618 | 16,88097514 | 32,40917782 | 0
Na2CO3*10H2O(к) | -974,4263862 | 519,1204589 | 0 | 0 | 0
NaH2PO4(к) | -369,2399618 | 30,48996176 | 0 | 0 | 0
Na2HPO4(к) | -419,4216061 | 35,99426386 | 0 | 0 | 0
Na2O(к) | -99,89961759 | 17,93977055 | 18,42973231 | 4,61998088 | -3,009082218
Na2O2(к) | -122,6601338 | 22,66013384 | 17,68642447 | 13,54206501 | 0
Na2S(к) | -89,50047801 | 19,00095602 | 19,81118547 | 1,63957935 | 0
Na2SO3(к) | -260,3800191 | 34,89961759 | 25,5999044 | 10,39913958 | 0
Na2SO4(к) | -331,5511472 | 35,76003824 | 19,6749522 | 36,89292543 | 0
Na2SO4*10H2O(к) | -1033,640057 | 141,460325 | 0 | 0 | 0
Na2S2O3(к) | -267,000478 | 53,77629063 | 0 | 0 | 0
Na2SiF6(к) | -681,0994264 | 51,3001912 | 0 | 0 | 0
Na2SiO3(к) | -373,1907266 | 27,18929254 | 31,14005736 | 9,600860421 | -6,469885277
Na2SiO3(к) стекл | -368,4608031 | 0 | 42,82982792 | 0 | 0
Na3AlF6(к)  | -790,999044 | 67,75573614 | 41,17351816 | 37,87045889 | 0
Na3PO4(к) | -460 | 53,6998088 | 32,52868069 | 16,01338432 | 0
Ni(к) | 0 | 7,139101338 | 4,060707457 | 7,041108987 | 0
NiCl2(к) | -72,70076482 | 23,43929254 | 17,51195029 | 3,162045889 | -1,190248566
NiO(к) | -57,29923518 | 9,079827916 | -4,990439771 | 37,57887189 | 3,891013384
NiS(к) | -19,00095602 | 12,66013384 | 9,249521989 | 6,400573614 | 0
NiSO4(к) | -208,7691205 | 24,8207457 | 30,10038241 | 9,921128107 | 0
O(г) | 59,55305927 | 38,46797323 | 4,971319312 | 0,002390057 | 0,234225621
O+(г) | 374,9474187 | 37,01003824 | 4,968929254 | 0 | 0
O-(г) | 24,24235182 | 37,68881453 | 4,980879541 | -0,004780115 | 0,179254302
O2(г) | 0 | 49,00573614 | 7,519120459 | 0,810229446 | -0,901051625
O3(г) | 34,00095602 | 57,0793499 | 11,23804971 | 1,921606119 | -2,160611855
P(к) белый | 0 | 9,820745698 | 5,693116635 | 0 | 0
P(к) краcный | -4,170650096 | 5,449330784 | 4,051147228 | 3,558795411 | 0
P2(г) | 34,38097514 | 52,08891013 | 8,642447419 | 0,203154876 | -1,030114723
PCl3(ж)  | -76,69933078 | 52,22036329 | 31,40057361 | 0 | 0
PCl3(г)  | -68,59942639 | 74,50047801 | 19,14674952 | 0,740917782 | 1,909655832
PCl5(к)  | -106,5702677 | 40,82217973 | 32,98279159 | 0 | 0
PCl5(г)  | -89,60086042 | 87,11042065 | 30,94885277 | 0,700286807 | -3,919694073
P2O3(ж)  | -262,1892925 | 33,93881453 | 0 | 0 | 0
P2O5(к)  | -360,2294455 | 33,53250478 | 8,379541109 | 5,403919694 | 0
P4O10(к) | -713,2002868 | 54,69885277 | 22,29923518 | 97,3207457 | 0
P4O10(г)  | -691,7997132 | 94,29971319 | 0 | 0 | 0
Pb(к) | 0 | 15,48996176 | 5,791108987 | 2,081739962 | 0
PbBr2(к) | -67,5 | 38,65917782 | 18,58986616 | 2,198852772 | 0
PbCO3(к) | -167,1988528 | 31,3001912 | 12,39005736 | 28,59942639 | 0
PbCl2(к) | -85,99904398 | 32,5 | 15,96080306 | 7,999521989 | 0
PbCl2(г)  | -41,50095602 | 75,49952199 | 13,53250478 | 0,229445507 | 0
PbI2(к) | -41,88097514 | 41,90965583 | 17,99952199 | 4,698852772 | 0
PbO(к) желтый  | -52,01003824 | 16,41969407 | 9,051147228 | 6,400573614 | 0
PbO(к) красный | -52,40917782 | 15,80066922 | 8,640057361 | 7,760516252 | 0
PbO2(к)  | -66,09942639 | 17,18929254 | 12,70076482 | 7,801147228 | 0
Pb3O4(к)  | -172,8991396 | 50,49952199 | 42,42112811 | 8,219407266 | -7,000478011
PbS(к) | -24,00095602 | 21,79971319 | 11,17112811 | 2,198852772 | 0
PbS(г)  | 29,23996176 | 60,06931166 | 8,919694073 | -0,489961759 | 0
PbSO4(к)  | -220 | 35,50908222 | 10,96080306 | 30,99904398 | 4,199330784
Pt(к) | 0 | 9,930688337 | 5,740917782 | 1,34082218 | 0
PtCl2(к) | -25,49952199 | 52,53107075 | 16,1998088 | 6,209369025 | 0
PtCl4(к) | -54,79923518 | 64,0248566 | 26,81883365 | 30,99904398 | 0
RaCl2(к) | -212,1414914 | 34,5124283 | 18,41300191 | 2,605162524 | 0
Ra(NO3)2(к) | -237,1582218 | 52,03393881 | 0 | 0 | 0
RaO(к) | -130,0191205 | 16,96940727 | 10,51625239 | 2,007648184 | 0
RaSO4(к) | -352,2347036 | 34,02246654 | 0 | 0 | 0
Rb(к) | 0 | 18,21940727 | 7,380497132 | 0 | 0
S(к) монокл | 0,09082218 | 7,779636711 | 5,650095602 | 0 | 0
S(к) ромб | 0 | 7,629063098 | 5,420650096 | 0 | 0
S(г) | 66,63718929 | 40,09321224 | 0 | 0 | 0
S2(г) | 30,68116635 | 54,50047801 | 8,630497132 | 0,260516252 | -0,838910134
SO2(г)  | -70,96080306 | 59,29015296 | 11,03967495 | 1,880975143 | -1,840344168
SO2Cl2(ж)  | -94,19933078 | 51,69933078 | 32,00047801 | 0 | 0
SO2Cl2(г)  | -86,79971319 | 74,4000956 | 21,01099426 | 1,469885277 | -3,401051625
SO3(г)  | -94,61042065 | 61,35038241 | 15,53059273 | 2,8083174 | -3,912523901
SO3(г)  | -94,61042065 | 61,35038241 | 21,81644359 | -0,917782027 | -28,5874761
Sb(к) | 0 | 10,92017208 | 5,521032505 | 1,739961759 | 0
SbCl3(к) | -91,09942639 | 43,8001912 | 10,30114723 | 51,09942639 | 0
SbCl3(г)  | -74,56022945 | 80,90105163 | 19,84942639 | 0 | -1,190248566
Sb2O3(к) | -170,999044 | 31,69933078 | 22,00047801 | 15,80066922 | 0
Sb2O5(к) | -240,8006692 | 29,89961759 | 10,96080306 | 57,60994264 | 0
Sb4O6(к) | -338,6998088 | 67,39961759 | 0 | 0 | 0
Sb2S3(к) черный | -37,70076482 | 43,40105163 | 24,20889101 | 13,20028681 | 0
Se(к) | 0 | 10,14340344 | 4,5291587 | 5,499521989 | 0
Si(к) | 0 | 4,500478011 | 5,454110899 | 0,922562141 | -0,846080306
SiCl4(ж)  | -164,4000956 | 57,29923518 | 34,72036329 | 0 | 0
SiCl4(г)  | -157,1510516 | 79,09894837 | 24,24952199 | 1,63957935 | -2,750956023
SiF4(г)  | -385,9799235 | 67,49043977 | 21,85946463 | 3,169216061 | -4,698852772
SiH4(г)  | 8,300669216 | 48,89101338 | 11,05640535 | 8,78585086 | -3,05210325
SiO2(к) кварц| -217,7198853 | 10 | 11,23087954 | 8,200286807 | -2,700764818
SiO2(к) тридимит| -217,2705545 | 10,39913958 | 3,26959847 | 24,79923518 | 0
SiO2(к) кристобалит| -217,3709369 | 10,20076482 | 4,280592734 | 21,06118547 | 0
SiO2(к) стекл | -215,9392925 | 11,1998088 | 13,38910134 | 3,683078394 | -3,45124283
Sn(к) белый | 0 | 12,3207457 | 5,160133843 | 4,326003824 | 0
SnCl2(к) | -79,09894837 | 31,50095602 | 12,10086042 | 20 | 0
SnCl4(ж)  | -126,4005736 | 61,9000956 | 39,50047801 | 0 | 0
SnCl4(г)  | -116,9000956 | 87,19885277 | 25,56883365 | 0,200764818 | -1,869024857
SnO(к) | -68,35086042 | 13,49904398 | 9,550669216 | 3,499043977 | 0
SnO(г)  | 4,983269598 | 55,45172084 | 8,420172084 | 0,320267686 | -0,838910134
SnO2(к) | -138,8001912 | 12,5 | 17,65057361 | 2,399617591 | -5,160133843
SnS(к) | -26,33126195 | 18,40105163 | 8,530114723 | 7,480879541 | 0,901051625
Sr(к) | 0 | 13,31022945 | 5,310707457 | 3,319789675 | 0
SrO(к) | -141,500956 | 12,99952199 | 12,12954111 | 1,259560229 | -1,551147228
SrSO4(к) | -345,3011472 | 28,0999044 | 21,79732314 | 13,30066922 | 0
Te(к) | 0 | 11,83078394 | 4,569789675 | 5,279636711 | 0
TeCl4(к) | -77,39961759 | 47,99952199 | 33,0999044 | 0 | 0
TeF6(г)  | -327,1988528 | 80,27963671 | 36,34799235 | 0,740917782 | -7,578871893
TeO2(к) | -77,29923518 | 17,70076482 | 15,58078394 | 3,479923518 | -1,199808795
Th(к) | 0 | 12,76051625 | 5,630975143 | 3,040152964 | 0
Th(OH)4(к) | -421,7734226 | 32,02676864 | 0 | 0 | 0
ThO2(к) | -293,2002868 | 15,59034417 | 15,83891013 | 2,88001912 | -1,598948375
ThS2(к) | -150 | 22,99952199 | 17,16061185 | 2,299235182 | 0
Th(SO4)2(к) | -607,3996176 | 35,39913958 | 25 | 55,20076482 | 0
Ti(к) | 0 | 7,320745698 | 5,043021033 | 2,519120459 | 0
TiCl4(ж)  | -192,1988528 | 60,3250478 | 34,12762906 | 2,081739962 | -0,038240918
TiCl4(г)  | -182,3996176 | 84,79923518 | 25,6166348 | 0,112332696 | -2,521510516
TiO2(к) рутил  | -225,8006692 | 12,0291587 | 15,02390057 | 2,715105163 | -2,380497132
TiO2(к) анатаз | -222,999522 | 11,93116635 | 17,93499044 | 0 | -4,213671128
Tl(к) | 0 | 15,33938815 | 5,260516252 | 3,460803059 | 0
TlCl(к) | -48,8001912 | 26,59894837 | 12,00047801 | 2,000478011 | 0
TlCl(г)  | -16,35038241 | 61,1998088 | 8,938814532 | 0 | -0,250956023
Tl2O(к) | -40 | 32,10086042 | 13,40105163 | 10 | 0
U(к) | 0 | 12,01959847 | 3,869502868 | 7,320745698 | 0,489961759
UF4(к) | -456,5893881 | 36,25 | 25,70028681 | 7,000478011 | -0,059751434
UF4(г)  | -380,3895793 | 83,49904398 | 0 | 0 | 0
UF6(к) | -522,999522 | 54,4000956 | 12,60038241 | 92,00047801 | 0
UF6(г)  | -511,1400574 | 90,33938815 | 36,09942639 | 1,300191205 | -4,870936902
UO2(к) | -259,2997132 | 18,59942639 | 19,19933078 | 1,620458891 | -3,960325048
UO2F2(к)  | -391,3001912 | 32,39961759 | 53,26959847 | 2,060229446 | -4,760994264
UO2(NO3)2(к) | -322,416348 | 66,04445507 | 0 | 0 | 0
W(к) | 0 | 7,801147228 | 5,475621415 | 1,120936902 | 0
WO3(к) | -201,460325 | 18,14053537 | 20,94885277 | 3,864722753 | -4,182600382
WS2(к) | -62,00047801 | 15,49952199 | 16,40296367 | 3,730879541 | -2,069789675
Zn(к) | 0 | 9,949808795 | 5,348948375 | 2,399617591 | 0
ZnCO3(к) | -194,1993308 | 19,19933078 | 9,299713193 | 32,99952199 | 0
ZnCl2(к) | -99,19933078 | 26,63957935 | 14,50047801 | 5,499521989 | 0
ZnCl2(г)  | -63,49904398 | 66,09942639 | 14,4000956 | 0,200764818 | 0
ZnO(к) | -83,20028681 | 10,39913958 | 11,70889101 | 1,218929254 | -2,179732314
ZnS(к) | -49,03919694 | 13,78107075 | 11,7710325 | 1,259560229 | -1,15917782
ZnSO4(к) | -234,5506692 | 26,41969407 | 18,25047801 | 18,20028681 | 0
Zn(OH)2(к) | -154,2614723 | 18,40105163 | 0 | 0 | 0
Zr(к) | 0 | 9,318833652 | 5,250956023 | 2,779636711 | 0
ZrCl4(к) | -234,1706501 | 43,36042065 | 29,86854685 | 3,379541109 | -2,000478011
ZrCl4(г)  | -207,7700765 | 87,99952199 | 25,68355641 | 0,069311663 | -1,97418738
ZrO2(к) | -262,2992352 | 12,03632887 | 16,63957935 | 1,799713193 | -3,36042065
